1 0.08674531575294928 0.37786259541984746 0.14018043025676616 0.3540751021667053
3 0.26405274115197813 0.22920040095612634 0.2019430950728655 0.32323232323232304
1 0.2803608605135323 0.6141182820572135 0.12907702984038866 0.3651785025830829
4 0.4455239417071485 0.4167244968771695 0.12352532963220121 0.29609067777006753
4 0.41429562803608605 0.5524327241884496 0.004163775156141583 0.2270028529570515
0 0.5520471894517698 0.6005474593260856 0.15058986814712008 0.23687254221605378
10 0.6974323386537128 0.45065155370498894 0.19847328244274812 0.34914025753720407
0 0.9198473282442751 0.5166551006245664 0.11589174184594044 0.3947875703600896
2 0.7814018043025678 0.23413524558562734 0.20263705759888964 0.2566119207340582
10 0.5010409437890355 0.14777546456935775 0.22900763358778634 0.2270028529570515
